{
 "cells": [
  {
   "cell_type": "code",
   "execution_count": 24,
   "metadata": {},
   "outputs": [],
   "source": [
    "import numpy as np"
   ]
  },
  {
   "cell_type": "code",
   "execution_count": 25,
   "metadata": {},
   "outputs": [],
   "source": [
    "x = np.array([[1., 2., 3.], [4., 5., 6.]])"
   ]
  },
  {
   "cell_type": "code",
   "execution_count": 26,
   "metadata": {},
   "outputs": [],
   "source": [
    "y = np.array([[6., 23.], [-1, 7], [8, 9]])"
   ]
  },
  {
   "cell_type": "code",
   "execution_count": 27,
   "metadata": {},
   "outputs": [
    {
     "data": {
      "text/plain": [
       "array([[1., 2., 3.],\n",
       "       [4., 5., 6.]])"
      ]
     },
     "execution_count": 27,
     "metadata": {},
     "output_type": "execute_result"
    }
   ],
   "source": [
    "x"
   ]
  },
  {
   "cell_type": "code",
   "execution_count": 28,
   "metadata": {},
   "outputs": [
    {
     "data": {
      "text/plain": [
       "array([[ 6., 23.],\n",
       "       [-1.,  7.],\n",
       "       [ 8.,  9.]])"
      ]
     },
     "execution_count": 28,
     "metadata": {},
     "output_type": "execute_result"
    }
   ],
   "source": [
    "y"
   ]
  },
  {
   "cell_type": "code",
   "execution_count": 29,
   "metadata": {},
   "outputs": [
    {
     "data": {
      "text/plain": [
       "array([[ 28.,  64.],\n",
       "       [ 67., 181.]])"
      ]
     },
     "execution_count": 29,
     "metadata": {},
     "output_type": "execute_result"
    }
   ],
   "source": [
    "x.dot(y)"
   ]
  },
  {
   "cell_type": "code",
   "execution_count": 30,
   "metadata": {},
   "outputs": [
    {
     "data": {
      "text/plain": [
       "array([ 6., 15.])"
      ]
     },
     "execution_count": 30,
     "metadata": {},
     "output_type": "execute_result"
    }
   ],
   "source": [
    "np.dot(x, np.ones(3))"
   ]
  },
  {
   "cell_type": "code",
   "execution_count": 31,
   "metadata": {},
   "outputs": [
    {
     "data": {
      "text/plain": [
       "array([ 6., 15.])"
      ]
     },
     "execution_count": 31,
     "metadata": {},
     "output_type": "execute_result"
    }
   ],
   "source": [
    "x @ np.ones(3)"
   ]
  },
  {
   "cell_type": "code",
   "execution_count": 32,
   "metadata": {},
   "outputs": [],
   "source": [
    "from numpy.linalg import inv, qr"
   ]
  },
  {
   "cell_type": "code",
   "execution_count": 33,
   "metadata": {},
   "outputs": [],
   "source": [
    "X = np.random.randn(5, 5)"
   ]
  },
  {
   "cell_type": "code",
   "execution_count": 34,
   "metadata": {},
   "outputs": [],
   "source": [
    "mat = X.T.dot(X)"
   ]
  },
  {
   "cell_type": "code",
   "execution_count": 35,
   "metadata": {},
   "outputs": [
    {
     "data": {
      "text/plain": [
       "array([[ 0.50167409, -0.14684452, -2.11093759, -2.63787444,  0.08849248],\n",
       "       [-0.14684452,  0.80558642,  4.52385404,  5.04605529, -0.38352814],\n",
       "       [-2.11093759,  4.52385404, 40.97128878, 49.29832811, -3.68588282],\n",
       "       [-2.63787444,  5.04605529, 49.29832811, 60.77516627, -4.5230556 ],\n",
       "       [ 0.08849248, -0.38352814, -3.68588282, -4.5230556 ,  0.4937885 ]])"
      ]
     },
     "execution_count": 35,
     "metadata": {},
     "output_type": "execute_result"
    }
   ],
   "source": [
    "inv(mat)"
   ]
  },
  {
   "cell_type": "code",
   "execution_count": 36,
   "metadata": {},
   "outputs": [
    {
     "data": {
      "text/plain": [
       "array([[ 1.00000000e+00, -1.11022302e-16,  0.00000000e+00,\n",
       "         0.00000000e+00,  5.55111512e-17],\n",
       "       [-2.28983499e-16,  1.00000000e+00,  2.22044605e-15,\n",
       "         1.15463195e-14, -1.77635684e-15],\n",
       "       [-1.38777878e-16, -4.44089210e-16,  1.00000000e+00,\n",
       "        -3.10862447e-15,  8.88178420e-16],\n",
       "       [ 1.24900090e-16, -9.15933995e-16, -1.48769885e-14,\n",
       "         1.00000000e+00,  8.88178420e-16],\n",
       "       [-4.44089210e-16, -2.22044605e-16,  0.00000000e+00,\n",
       "         0.00000000e+00,  1.00000000e+00]])"
      ]
     },
     "execution_count": 36,
     "metadata": {},
     "output_type": "execute_result"
    }
   ],
   "source": [
    "mat.dot(inv(mat))"
   ]
  },
  {
   "cell_type": "code",
   "execution_count": 37,
   "metadata": {},
   "outputs": [],
   "source": [
    "q, r = qr(mat)"
   ]
  },
  {
   "cell_type": "code",
   "execution_count": 38,
   "metadata": {},
   "outputs": [
    {
     "data": {
      "text/plain": [
       "array([[-4.24413798,  2.63821326, -1.21698285,  0.10813408, -6.38811418],\n",
       "       [ 0.        , -5.52215845,  3.00029928, -2.05069581, -0.95769832],\n",
       "       [ 0.        ,  0.        , -1.16968236,  0.92192713, -0.48845389],\n",
       "       [ 0.        ,  0.        ,  0.        , -0.39136445, -5.23825868],\n",
       "       [ 0.        ,  0.        ,  0.        ,  0.        ,  0.17039332]])"
      ]
     },
     "execution_count": 38,
     "metadata": {},
     "output_type": "execute_result"
    }
   ],
   "source": [
    "r"
   ]
  }
 ],
 "metadata": {
  "kernelspec": {
   "display_name": "Python 3",
   "language": "python",
   "name": "python3"
  },
  "language_info": {
   "codemirror_mode": {
    "name": "ipython",
    "version": 3
   },
   "file_extension": ".py",
   "mimetype": "text/x-python",
   "name": "python",
   "nbconvert_exporter": "python",
   "pygments_lexer": "ipython3",
   "version": "3.6.9"
  },
  "orig_nbformat": 4
 },
 "nbformat": 4,
 "nbformat_minor": 2
}
